71 646
563 242
874 393
654 326
708 134
513 664
818 683
338 140
437 482
329 370
747 466
23 96
668 241
458 420
959 285
926 958
9 578
289 716
346 141
962 352
268 96
879 76
384 798
979 814
903 430
264 46
937 660
822 996
254 914
40 278
775 607
775 511
576 78
133 716
52 687
520 784
501 418
914 967
655 271
825 975
895 347
599 586
445 733
480 768
291 727
179 18
665 512
120 513
191 350
893 677
182 513
932 737
755 738
156 988
937 858
458 355
754 479
955 817
169 745
609 376
31 827
617 609
841 853
621 584
538 454
194 67
362 143
672 841
347 75
761 839
163 906
232 733
755 405
776 272
307 924
174 168
879 642
796 538
603 922
770 688
758 35
971 571
454 559
817 883
264 313
582 389
153 309
809 571
46 201
609 306
645 481
49 253
295 353
400 798
450 699
252 749
350 312
306 417
276 331
492 683
